-8
8
8
2
500	608	655	592	519	445	222	986
474	-833	346	454	698	544	8	336
25	695	944	971	90	679	854	506
529	336	592	-753	510	852	817	143
735	640	436	-288	551	713	104	441
863	224	-693	690	104	711	370	902
931	414	-96	66	85	900	958	244
-837	-228	-711	-984	-525	-553	-161	-153
1
5
1
4
1
3
0 0
5
1
6
1
4
3
1
3
3
4
1
1 0
3
7
4
4
3
3
54
3
4
5
5
3
4
4
5
9
6
2 3
1 2
3 4
5 6
4 5
3 4
5 6
6 7
4 5
1 6
2 5
4 5
3 4
2 5
4 3
7 0
6 1
4 3
5 2
6 1
4 3
0 7
1 6
4 3
1
3
1
3
3
1
4
3
5
1
4
1
2
3 2
4 1
2 3
0 1
1 2
6 5
5 4
2 7
3 6
5 4
4 5
3 6
5 4
7 2
6 3
1 2
3 4
6 3
4 5
3 4
5 6
7 6
6 7
1 6
2 5
0